43	506
73	370
2	366
11	229	
57	465
60	136	
59	256
14	414
76	525
45	215	424	556
58	103
84	161	265
26	210
29	316
61	102
94	524
97	533
47	324
92	201
22	331
149	249
135	364
128	222
125	171
124	572
122	442
118	384	
114	347
110	271	435	521
108	315
107	211	267
106	266
105	162
145	262
141	425	555
140	303
139	410
138	254
190	568	
329	153	
154	294	
183	212	
314	164	
166	523	
420	354	170	
173	573	
444	175	
180	434	
387	184	
182	291	
334	200	
309	217	
219	531	
417	220	
221	356	
578	225
243	399	427
257	412	
549	423	307	260	
268	328	
380	275	
278	397	
338	325	
29	318	
299	426	552	
526	470	341	
350	441		
505	379	
438	390	
396	456	
515	428		
584	518	
122	422	
577	453	
471	527	