43	506
73	370
8
2	366
11	229	
57	465
60	136	
59	256
14	414
76	525
45	215	424	556
58	103
84	161	265
26	210
29	316
61	102
94	524
97	533
47	324
92	201
22	331

149	249
60	136
135	364
128	222
125	171
124	572
122	442
120		//수도권9호선 신논현까지만 있음

118	384	
114	347
61	102
110	271	435	521
108	315
107	211	267
106	266
105	162
58	103
145	262
141	425	555
140	303
139	410
138	254
190	568	
329	153	
154	294	
84	161	265	
162	105	
183	212	
314	164	
166	523	
420	354	170	
171	125	
173	573	
444	175	
180	434	
387	184	
182	291	
334	200	
92	201	
207	우이신설x
210	26	
107	211	267
45	215	424	556	
309	217	
219	531	
417	220	
221	356	
222	128	
11	229	
578	225
243	399	427
249	149	
138	254	
256	59	
257	412	
549	423	307	260
262	145	
161	265	
266	106	
268	328	
521	435	271	110
380	275	
278	397	
182	291	
338	325	
47	324	
29	318	
108	315	
328	268	
164	314	
309	217	
260	307	423	549	
303	140	
299	426	552	
294	154	
153	329	
331	22	
325	338	
526	470	341	
275	380	
347	114	
350	441	
170	354	420	
356	221	
135	364	
366	2	
73	370	
505	379	
278	397	
384	118	
184	387	
438	390	
396	456	
410	139	
257	412	
414	14	
220	417	
420	354	170	
515	428	
379	505	
506	43	
584	518	
110	271	435	521	
441	350	
122	422	
444	175	
180	434	
438	390	
577	453	
57	465	
572	124	
173	573	
190	568	
555	425	141	
45	215	424	556	
549	423	307	206	
525	76	
531	219	
166	523	
521	435	271	110	
524	94	
97	533	
526	470	341	
471	527	
94	524	
533	97	
526	341	470	
471	527	
518	584	
225	578	
61	102	































